 3e9
 3ea
 3eb
 3ec
 3ed
 3ee
 3ef
 3f0
 3f1
 3f2
 3f3
 3f4
 3f5
 3f6
 3f7
 3f8
 3f9
 3fa
 3fb
 3fc
 3fd
 3fe
 3ff
 400
 401
 402
 403
 404
 405
 406
 407
 408
 409
 40a
 40b
 40c
 40d
 40e
 40f
 410
 411
 412
 413
 414
 415
 416
 417
 418
 419
 41a
 41b
 41c
 41d
 41e
 41f
 420
 421
 422
 423
 424
 425
 426
 427
 428
 429
 42a
 42b
 42c
 42d
 42e
 42f
 430
 431
 432
 433
 434
 435
 436
 437
 438
 439
 43a
 43b
 43c
 43d
 43e
 43f
 440
 441
 442
 443
 444
 445
 446
 447
 448
 449
 44a
 44b
 44c
 44d
 44e
 44f
 450
 451
 452
 453
 454
 455
 456
 457
 458
 459
 45a
 45b
 45c
 45d
 45e
 45f
 460
 461
 462
 463
 464
 465
 466
 467
 468
 469
 46a
 46b
 46c
 46d
 46e
 46f
 470
 471
 472
 473
 474
 475
 476
 477
 478
 479
 47a
 47b
 47c
 47d
 47e
 47f
 480
 481
 482
 483
 484
 485
 486
 487
 488
 489
 48a
 48b
 48c
 48d
 48e
 48f
 490
 491
 492
 493
 494
 495
 496
 497
 498
 499
 49a
 49b
 49c
 49d
 49e
 49f
 4a0
 4a1
 4a2
 4a3
 4a4
 4a5
 4a6
 4a7
 4a8
 4a9
 4aa
 4ab
 4ac
 4ad
 4ae
 4af
 4b0
 4b1
 4b2
 4b3
 4b4
 4b5
 4b6
 4b7
 4b8
 4b9
 4ba
 4bb
 4bc
 4bd
 4be
 4bf
 4c0
 4c1
 4c2
 4c3
 4c4
 4c5
 4c6
 4c7
 4c8
 4c9
 4ca
 4cb
 4cc
 4cd
 4ce
 4cf
 4d0
 4d1
 4d2
 4d3
 4d4
 4d5
 4d6
 4d7
 4d8
 4d9
 4da
 4db
 4dc
 4dd
 4de
 4df
 4e0
 4e1
 4e2
 4e3
 4e4
 4e5
 4e6
 4e7
 4e8
 4e9
 4ea
 4eb
 4ec
 4ed
 4ee
 4ef
 4f0
 4f1
 4f2
 4f3
 4f4
 4f5
 4f6
 4f7
 4f8
 4f9
 4fa
 4fb
 4fc
 4fd
 4fe
 4ff
 500
 501
 502
 503
 504
 505
 506
 507
 508
 509
 50a
 50b
 50c
 50d
 50e
 50f
 510
 511
 512
 513
 514
 515
 516
 517
 518
 519
 51a
 51b
 51c
 51d
 51e
 51f
 520
 521
 522
 523
 524
 525
 526
 527
 528
 529
 52a
 52b
 52c
 52d
 52e
 52f
 530
 531
 532
 533
 534
 535
 536
 537
 538
 539
 53a
 53b
 53c
 53d
 53e
 53f
 540
 541
 542
 543
 544
 545
 546
 547
 548
 549
 54a
 54b
 54c
 54d
 54e
 54f
 550
 551
 552
 553
 554
 555
 556
 557
 558
 559
 55a
 55b
 55c
 55d
 55e
 55f
 560
 561
 562
 563
 564
 565
 566
 567
 568
 569
 56a
 56b
 56c
 56d
 56e
 56f
 570
 571
 572
 573
 574
 575
 576
 577
 578
 579
 57a
 57b
 57c
 57d
 57e
 57f
 580
 581
 582
 583
 584
 585
 586
 587
 588
 589
 58a
 58b
 58c
 58d
 58e
 58f
 590
 591
 592
 593
 594
 595
 596
 597
 598
 599
 59a
 59b
 59c
 59d
 59e
 59f
 5a0
 5a1
 5a2
 5a3
 5a4
 5a5
 5a6
 5a7
 5a8
 5a9
 5aa
 5ab
 5ac
 5ad
 5ae
 5af
 5b0
 5b1
 5b2
 5b3
 5b4
 5b5
 5b6
 5b7
 5b8
 5b9
 5ba
 5bb
 5bc
 5bd
 5be
 5bf
 5c0
 5c1
 5c2
 5c3
 5c4
 5c5
 5c6
 5c7
 5c8
 5c9
 5ca
 5cb
 5cc
 5cd
 5ce
 5cf
 5d0
 5d1
 5d2
 5d3
 5d4
 5d5
 5d6
 5d7
 5d8
 5d9
 5da
 5db
 5dc
 501
 502
 503
 504
 505
 506
 507
 508
 509
 510
 511
 512
 513
 514
 515
 516
 517
 518
 519
 520
 521
 522
 523
 524
 525
 526
 527
 528
 529
 530
 531
 532
 533
 534
 535
 536
 537
 538
 539
 540
 541
 542
 543
 544
 545
 546
 547
 548
 549
 550
 551
 552
 553
 554
 555
 556
 557
 558
 559
 560
 561
 562
 563
 564
 565
 566
 567
 568
 569
 570
 571
 572
 573
 574
 575
 576
 577
 578
 579
 580
 581
 582
 583
 584
 585
 586
 587
 588
 589
 590
 591
 592
 593
 594
 595
 596
 597
 598
 599
 600
 601
 602
 603
 604
 605
 606
 607
 608
 609
 610
 611
 612
 613
 614
 615
 616
 617
 618
 619
 620
 621
 622
 623
 624
 625
 626
 627
 628
 629
 630
 631
 632
 633
 634
 635
 636
 637
 638
 639
 640
 641
 642
 643
 644
 645
 646
 647
 648
 649
 650
 651
 652
 653
 654
 655
 656
 657
 658
 659
 660
 661
 662
 663
 664
 665
 666
 667
 668
 669
 670
 671
 672
 673
 674
 675
 676
 677
 678
 679
 680
 681
 682
 683
 684
 685
 686
 687
 688
 689
 690
 691
 692
 693
 694
 695
 696
 697
 698
 699
 700
 701
 702
 703
 704
 705
 706
 707
 708
 709
 710
 711
 712
 713
 714
 715
 716
 717
 718
 719
 720
 721
 722
 723
 724
 725
 726
 727
 728
 729
 730
 731
 732
 733
 734
 735
 736
 737
 738
 739
 740
 741
 742
 743
 744
 745
 746
 747
 748
 749
 750
 751
 752
 753
 754
 755
 756
 757
 758
 759
 760
 761
 762
 763
 764
 765
 766
 767
 768
 769
 770
 771
 772
 773
 774
 775
 776
 777
 778
 779
 780
 781
 782
 783
 784
 785
 786
 787
 788
 789
 790
 791
 792
 793
 794
 795
 796
 797
 798
 799
 800
 801
 802
 803
 804
 805
 806
 807
 808
 809
 810
 811
 812
 813
 814
 815
 816
 817
 818
 819
 820
 821
 822
 823
 824
 825
 826
 827
 828
 829
 830
 831
 832
 833
 834
 835
 836
 837
 838
 839
 840
 841
 842
 843
 844
 845
 846
 847
 848
 849
 850
 851
 852
 853
 854
 855
 856
 857
 858
 859
 860
 861
 862
 863
 864
 865
 866
 867
 868
 869
 870
 871
 872
 873
 874
 875
 876
 877
 878
 879
 880
 881
 882
 883
 884
 885
 886
 887
 888
 889
 890
 891
 892
 893
 894
 895
 896
 897
 898
 899
 900
 901
 902
 903
 904
 905
 906
 907
 908
 909
 910
 911
 912
 913
 914
 915
 916
 917
 918
 919
 920
 921
 922
 923
 924
 925
 926
 927
 928
 929
 930
 931
 932
 933
 934
 935
 936
 937
 938
 939
 940
 941
 942
 943
 944
 945
 946
 947
 948
 949
 950
 951
 952
 953
 954
 955
 956
 957
 958
 959
 960
 961
 962
 963
 964
 965
 966
 967
 968
 969
 970
 971
 972
 973
 974
 975
 976
 977
 978
 979
 980
 981
 982
 983
 984
 985
 986
 987
 988
 989
 990
 991
 992
 993
 994
 995
 996
 997
 998
 999
1000
